46,баклажани,26,1.02,0.18,6.07,2.5,1
47,горошок зелений (свіжий чи заморожений),81,5.42,0.4,14.46,5.1,1
48,гриби свіжі,25,2.9,0.33,4.08,1.2,1
49,гриби сушені,55,1.56,0.22,14.28,2.1,1
50,кабачки,14,1.16,0.14,2.9,1.2,1
51,каперси консервовані,23,2.36,0.86,4.89,3.2,1
52,капуста білокачанна свіжа,25,1.44,0.27,5.43,2.3,1
53,капуста брокколі,28,2.98,0.35,5.24,0,1
54,капуста брюссельська,42,3.64,0.39,8.32,4.1,1
55,капуста кольрабі,27,1.7,0.1,6.2,3.6,1
56,капуста червонокачанна свіжа,27,1.39,0.26,6.12,2,1
57,капуста цвітна,25,1.98,0.1,5.3,2.5,1
58,картопля,79,2.07,0.1,17.98,1.6,1
59,кукурудза солодка заморожена,88,3.02,0.77,20.8,2.4,1
60,кукурудза солодка консервована,79,2.41,0.5,19.44,2,1
61,листя виноградні консервовані,19,1.8,0.3,3.4,0,1
62,цибуля зелена,32,1.83,0.19,7.34,2.6,1
63,цибуля ріпчаста,38,1.16,0.16,8.63,1.8,1
64,цибуля шалот,72,0.1,2.5,16.8,0,1
65,цибуля-порей,61,1.5,0.3,14.15,1.8,1
66,морква,43,1.03,0.19,10.14,3,1
67,огірки мариновані,11,0.33,0.2,2.26,1.2,1
68,огірки свіжі,13,0.69,0.13,2.76,0.8,1
69,оливки чорні,115,0.84,10.68,6.26,3.2,1
70,паста томатна,82,3.67,0.55,19.3,4.1,1
71,перець червоний солодкий сушений,289,14.76,12.95,55.74,20.9,1
217,тріска,82,17.81,0.67,0,0,6
72,перець червоний чілі свіжий,40,2,0.2,9.46,1.5,1
73,перец солодкий свіжий,27,0.89,0.19,6.43,1.8,1
74,помідори консервовані у власному соці,26,0.79,0.16,6.31,0,1
75,помідори свіжі,21,0.85,0.33,4.64,1.1,1
76,помідори солені,27,1.07,0.41,5.83,1.1,1
77,помідори сушені,302,12.91,0.44,74.68,16.5,1
78,качани кукурудзяні молоді,88,3.02,0.77,20.8,2.4,1
79,редька свіжа,18,0.6,0.1,4.1,1.6,1
80,салат зелений,14,1.62,0.2,2.37,1.7,1
81,салат-латук,13,1.29,0.22,2.32,1,1
82,буряк червоний,43,1.61,0.17,9.56,2.8,1
83,селера свіжа,16,0.75,0.14,3.65,1.7,1
84,сік томатний,17,0.76,0.06,4.23,0.4,1
85,спаржа свіжа,23,2.28,0.2,4.54,2.1,1
86,гарбуз свіжий,26,1,0.1,6.5,0.5,1
87,квасоля стручкова зелена,31,1.82,0.12,7.14,3.4,1
88,фенхель свіжий,31,1.24,0.2,7.29,3.1,1
89,часник,149,6.36,0.5,33.07,2.1,1
90,шпинат (свіжий чи заморожений),22,2.86,0.35,3.5,2.7,1
91,абрикоси свіжі,48,1.4,0.39,11.12,2.4,2
92,авокадо,161,1.98,15.32,7.39,5,2
93,ананаси свіжі,49,0.39,0.43,12.39,1.2,2
94,апельсини свіжі,47,0.94,0.12,11.75,2.4,2
95,банани свіжі,92,1.03,0.48,23.43,2.4,2
96,банани сушені,346,3.89,1.81,88.28,7.5,2
97,вишня свіжа,50,1,0.3,12.18,1.6,2
98,груша свіжа,59,0.39,0.4,15.11,2.4,2
99,родзинки кишмиш,302,3.39,0.46,79.52,4,2
100,родзинки чорні,63,1.4,0.41,15.38,0,2
101,ківі свіжі,61,0.99,0.44,14.88,3.4,2
102,полуниця свіжа,30,0.61,0.37,7.02,2.3,2
103,журавлина свіжа,49,0.39,0.2,12.68,4.2,2
104,курага,113,1.17,0.15,29.26,4.1,2
105,лимони,29,1.1,0.3,9.32,2.8,2
106,малина свіжа,49,0.91,0.55,11.57,6.8,2
107,мандарини свіжі,44,0.63,0.19,11.19,2.3,2
108,молоко кокосове,197,2.02,21.33,2.81,0,2
109,м'якоть кокоса свіжа,354,3.33,33.49,15.23,9,2
110,нектар абрикосовий,56,0.37,0.09,14.39,0.6,2
111,нектар персиковий,54,0.27,0.02,13.92,0.6,2
112,папая сушена,140,0,0,35.1,1,2
113,персики свіжі,43,0.7,0.09,11.1,2,2
114,смородина біла,56,1.4,0.2,13.8,4.3,2
115,смородина червона,56,1.4,0.2,13.8,4.3,2
116,смородина чорна,63,1.4,0.41,15.38,0,2
117,сік апельсиновий,45,0.7,0.2,10.4,0.2,2
118,сік грейпфрутовий,39,0.5,0.1,9.2,0.1,2
119,сік лимонний,25,0.38,0,8.63,0.4,2
120,сік мандариновий,43,0.5,0.2,10.1,0.2,2
121,сік яблучний,47,0.06,0.11,11.68,0.1,2
122,стружка кокосова,592,5.3,47,44.4,0,2
123,цедра апельсинова,97,1.5,0.2,25,10.6,2
124,цедра лимонна,47,1.5,0.3,16,10.6,2
125,черешня свіжа,72,1.2,0.96,16.55,2.3,2
126,чорниця заморожена,64,1.18,0.43,15.67,5,2
127,чорниця свіжа,52,0.72,0.39,12.76,5.3,2
128,чорнослив сушений,239,2.61,0.52,62.73,7.1,2
129,яблука свіжі,59,0.19,0.36,15.25,2.7,2
130,бринза з коров'ячого молока,251,13.28,20.09,4.23,0,3
131,йогурт натуральний,61,3.47,3.25,4.66,0,3
132,молоко,61,3.29,3.34,4.66,0,3
133,вершки 10% жирності,130,2.96,11.5,4.3,0,3
134,вершки 20% жирності,195,2.7,19.31,3.66,0,3
135,вершки збиті,257,3.2,22.22,12.49,0,3
136,сметана 20% жирності,214,3.16,20.96,4.27,0,3
137,сир гауда,356,24.94,27.44,2.22,0,3
138,сир моцарелла,281,19.42,21.6,2.22,0,3
139,сир пармезан,392,35.75,25.83,3.22,0,3
140,сир рокфор,369,21.54,30.64,2,0,3
141,сир фета,264,14.21,21.28,4.09,0,3
142,сир швейцарський,380,26.93,27.8,5.38,0,3
143,сир едам,357,24.99,27.8,1.43,0,3
144,сир нежирний,103,12.49,4.51,2.68,0,3
145,рис білий середньозернистий,360,6.61,0.58,79.34,1.4,4
146,рис білий круглозернистий,358,6.5,0.52,79.15,2.8,4
147,рис коричневий довгозернистий,370,7.94,2.92,77.24,3.5,4
148,рис пропарений,371,6.79,0.56,81.72,1.7,4
149,"рис білий довгозернистий, відварений",130,2.69,0.28,28.17,0.4,4
150,рис білий довгозернистий,365,7.1,0.7,80,1.3,4
151,рисове борошно,366,5.95,1.42,80.13,2.4,4
152,рис арборіо,360,6.61,0.58,79.34,1.4,4
153,рис басматі,365,7.1,0.7,80,1.3,4
154,рис жасмин,365,7.13,0.66,79.95,1.3,4
155,рис дикий відварений,101,3.99,0.34,21.34,1.8,4
156,рис дикий,357,14.73,1.08,74.9,6.2,4
157,вермішель,371,12.78,1.58,74.69,2.4,4
158,горох турецький консервований,164,8.86,2.59,27.41,7.6,4
159,олія соєва,884,0,100,0,0,4
160,молоко соєве,52,4.48,1.92,4.93,1.3,4
161,борошно для млинців,362,8.2,0.86,78.03,1.7,4
162,борошно пшеничне,354,9.89,0.97,74.22,2.7,4
163,борошно соєве,436,34.54,20.65,35.2,9.6,4
164,рисова локшина тонка,364,3.44,0.56,83.24,1.6,4
165,соя,416,36.49,19.94,30.16,9.3,4
166,сухарі пшеничні подрібнені,395,12.5,5.4,72.5,2.4,4
167,турецький горох консервований,164,8.86,2.59,27.41,7.6,4
168,квасоля біла,333,23.36,0.85,60.27,15.2,4
169,квасоля кідні,333,23.58,0.83,60.01,24.9,4
170,квасоля чорна,341,21.6,1.42,62.37,15.2,4
171,сочевиця зелена чи коричнева,338,28.06,0.96,57.09,30.5,4
172,баранина без кістки,272,16.94,22.11,0,0,5
173,баранина на кістці,201,18.58,13.49,0,0,5
174,бастурма,146,21.8,5.82,0,0.5,5
175,бекон,556,8.66,57.54,0.09,0,5
176,бульйон яловичий,12,2.22,0,0.73,0,5
177,бульйон курячий,31,4.42,1.04,0.75,0,5
178,шинка,229,17.12,17.25,0,0,5
179,яловичина жирна без кістки,251,18.24,19.24,0,0,5
180,"яловичина жирна без кістки, відварена",278,25.56,18.74,0,0,5
181,яловичина нежирна без кістки,144,20.78,6.16,0,0,5
182,"яловичина нежирна без кістки, відварена",213,32.9,8.01,0,0,5
183,грудки курячі,172,20.85,9.25,0,0,5
184,ковбаса пепероні,497,20.97,43.97,2.84,0,5
185,кубики бульйонні курячі,198,14.6,4.7,23.5,0,5
186,ніжки курячі,99,9.07,6.06,0,0,5
187,паштет з гусячої печінки (фуа гра),462,11.4,43.84,4.67,0,5
188,паштет з курячої печінки,201,13.45,13.1,6.55,0,5
189,печінка гусяча,133,16.37,4.28,6.32,0,5
190,печінка куряча,125,17.97,3.86,3.42,0,5
191,печінка качки,136,18.74,4.64,3.53,0,5
192,свинина жирна без кістки,227,18.25,16.48,0,0,5
193,свинина нежирна без кістки,136,20.48,5.41,0,0,5
194,філе індика,122,21.76,3.18,0,0,5
195,філе куряче,110,23.09,1.24,0,0,5
196,філе куряче відварене,177,27.29,6.71,0,0,5
197,бульйон рибний,17,2.26,0.81,0,0,6
198,горбуша консервована у власному соці,153,20.47,7.31,0,0,6
199,горбуша холодного копчення,117,18.28,4.32,0,0,6
200,гребінці морські,88,16.78,0.76,2.36,0,6
201,ікра червона зерниста,252,24.6,17.9,4,0,6
202,ікра чорна зерниста,252,24.6,17.9,4,0,6
203,"кальмари, філе",92,15.58,1.38,3.08,0,6
204,креветки відварені заморожені,106,20.31,1.73,0.91,0,6
205,креветки свіжі,106,20.31,1.73,0.91,0,6
206,мідії очищені варено-морожені,172,23.8,4.48,7.39,0,6
207,мідії чорні неочищені,86,11.9,2.24,3.69,0,6
208,мінтай,92,19.44,0.98,0,0,6
209,морська капуста свіжа,26,0.54,0.03,6.75,0.5,6
210,морська капуста сушена,306,6.21,0.3,80.89,7.7,6
211,м'ясо крабове консервоване,99,20.52,1.23,0,0,6
212,норі (пресовані листи японських водоростей),290,57.47,7.72,23.9,3.6,6
213,окунь морський,94,18.62,1.63,0,0,6
214,путасу,90,18.31,1.31,0,0,6
215,сьомга свіжа,146,21.62,5.93,0,0,6
216,сьомга холодного копчення,117,18.28,4.32,0,0,6
218,тріска холодного копчення,105,22.83,0.86,0,0,6
219,тунець консервований у власному соці,128,23.62,2.97,0,0,6
220,форель морська,116,19.94,3.45,0,0,6
221,форель річна,148,20.77,6.61,0,0,6
222,хек,90,18.31,1.31,0,0,6
223,джем абрикосовий,278,0.37,0.07,68.86,1.1,7
224,кава розчинна,241,12.2,0.5,41.1,0,7
225,мармелад апельсиновий,246,0.3,0,66.3,0.2,7
226,мед,304,0.3,0,82.4,0.2,7
227,борошно кукурудзяне,361,6.93,3.86,76.85,13.4,7
228,цукор коричневий,376,0,0,97.3,0,7
229,цукор-пісок,387,0,0,99.9,0,7
230,цукрова пудра,389,0,0.1,99.5,0,7
231,сироп кленовий,262,0,0.2,67.2,0,7
232,тісто листкове,558,7.4,38.5,45.7,1.49,7
233,цукати апельсинові,283,0.3,0,55.4,0.2,7
234,шоколад темний,479,4.2,30,63.1,5.9,7
235,арахіс смажений підсолений,581,26.35,49.3,18.93,9.2,8
236,арахіс очищений,567,25.8,49.24,16.14,8.5,8
237,арахіс сушений,567,25.8,49.24,16.14,8.5,8
238,білок яєчний,50,10.52,0,1.03,0,8
239,жовток яєчний,358,16.76,30.87,1.78,0,8
240,майонез,390,0.9,33.4,23.9,0,8
241,майонез сойовий,232,0.3,19.2,16,0,8
242,масло арахісове бутербродне з шматочками горіхів,589,24.05,49.94,21.59,6.6,8
243,олія оливкова,884,0,100,0,0,8
244,олія соняшникова,884,0,100,0,0,8
245,масло сливочное,717,0.9,81.1,0.1,0,8
246,мигдаль,578,21.26,50.64,19.74,11.8,8
247,горіхи грецькі,654,15.23,65.21,13.71,6.7,8
248,горіхи кедрові очищені,629,11.57,60.98,19.3,10.7,8
249,горіхи кеш'ю,574,15.31,46.35,32.69,3,8
250,горіхи лісові очищені,628,14.95,60.75,16.7,9.7,8
251,фісташки несолені очищені,551,20.48,43.19,29.19,10,8
252,яйце куряче,149,12.49,10.02,1.22,0,8
253,яйце куряче зварене вкруту,155,12.58,10.61,1.12,0,8
254,яйце перепелине,158,13.05,11.09,0.41,0,8
255,базилік свіжий,27,2.54,0.61,4.34,3.9,9
256,базилік сушений подрібнений,251,14.37,3.98,60.96,40.5,9
257,гарам масала (суміш спецій),289,10.34,13.5,56.72,34.7,9
258,гвоздика,323,5.98,20.07,61.21,34.2,9
259,гірчиця,66,3.95,3.11,7.78,3.2,9
260,гірчиця (порошок),469,24.94,28.76,34.94,14.7,9
261,материнка (орегано) сушена подрібнена,306,11,10.25,64.43,42.8,9
262,желатин,381,7.8,0,90.5,0,9
263,імбир мелений,347,9.12,5.95,70.79,12.5,9
264,кардамон,311,10.76,6.7,68.47,28,9
265,кінза (коріандр) свіжа,20,2.36,0.59,2.59,2.3,9
266,корінь імбиру свіжий,69,1.74,0.73,15.09,2,9
267,кориця мелена,261,3.89,3.19,79.85,54.3,9
268,куркума,325,12.66,13.81,58.15,33.2,9
269,лавровий лист,313,7.61,8.36,74.97,26.3,9
270,майоран сушений подрібнений,271,12.66,7.04,60.56,40.3,9
271,мускатний горіх мелений,525,5.84,36.31,49.29,20.8,9
272,м'ята перцева свіжа,70,3.75,0.94,14.89,8,9
273,паприка мелена,289,14.76,12.95,55.74,20.9,9
274,перець духмяний,263,6.09,8.69,72.12,21.6,9
275,перець червоний гострий мелений,318,12.01,17.27,56.63,27.2,9
276,перець червоний чілі мелений,21,0.72,0.27,4.6,1.7,9
277,перець чорний горошок,255,10.95,3.26,64.81,26.5,9
278,перець чорний мелений,255,10.95,3.26,64.81,26.5,9
279,петрушка свіжа,36,2.97,0.79,6.33,3.3,9
280,петрушка сушена,276,22.42,4.43,51.66,30.4,9
281,розпушувач тіста,97,0.1,0.4,46.9,2.2,9
282,розмарин свіжий,131,3.31,5.86,20.7,14.1,9
283,розмарин сушений,331,4.88,15.22,64.06,42.6,9
284,цукор ванільний,56,0.03,0,14.4,0,9
285,насіння макове,533,18.04,44.7,23.69,10,9
286,сіль,0,0,0,0,0,9
287,тархун сушений подрібнений,295,22.77,7.24,50.22,7.4,9
288,чебрець (тим'ян) сушений подрібнений,276,9.11,7.43,63.94,37,9
289,тмин,375,17.81,22.27,44.24,10.5,9
290,кріп свіжий,43,3.46,1.12,7.02,2.1,9
291,кріп сушений,253,19.96,4.36,55.82,13.6,9
292,оцет білий винний,14,0,0,5.9,0,9
293,оцет червоний винний,14,0,0,7.2,0,9
294,оцет рисовий винний,14,0,0,7.2,0,9
295,оцет яблучний,14,0,0,7.2,0,9
296,хмелі-сунелі,347,11.34,14.07,58.37,34.8,9
297,шафран,310,11.43,5.85,65.37,3.9,9
298,экстракт ванілі,288,0.06,0.06,12.65,0,9
